1000 3780
0 100 268 320
0 1 99 139
1 101 25 28
1 0 15 32
1 2 221 241
2 102 24 98
2 1 39 123
2 3 156 240
3 103 22 29
3 2 5 17
3 4 58 174
4 104 135 193
4 3 18 18
4 5 4 9
5 105 46 52
5 4 46 64
5 6 132 209
6 106 27 28
6 5 241 249
6 7 10 21
7 107 223 230
7 6 111 166
7 8 26 65
8 108 242 278
8 7 318 323
8 9 253 307
9 109 85 137
9 8 96 137
9 10 106 134
10 110 14 122
10 9 88 134
10 11 47 84
11 111 338 338
11 10 95 152
11 12 132 152
12 112 60 62
12 11 64 282
12 13 10 13
13 113 98 275
13 12 78 196
13 14 307 310
14 114 53 81
14 13 43 43
14 15 33 35
15 115 304 306
15 14 27 43
15 16 47 127
16 116 3 8
16 15 150 173
16 17 5 5
17 117 2 17
17 16 179 193
17 18 51 246
18 118 31 73
18 17 113 224
18 19 48 48
19 119 232 305
19 18 89 107
19 20 177 181
20 120 97 161
20 19 30 43
20 21 122 249
21 121 15 73
21 20 192 228
21 22 174 174
22 122 55 140
22 21 21 68
22 23 70 109
23 123 21 48
23 22 13 25
23 24 232 258
24 124 286 291
24 23 58 82
24 25 136 171
25 125 126 138
25 24 242 344
25 26 59 141
26 126 101 194
26 25 39 222
26 27 8 76
27 127 38 94
27 26 147 151
27 28 67 83
28 128 3 27
28 27 153 175
28 29 60 186
29 129 22 183
29 28 308 313
29 30 38 81
30 130 20 49
30 29 4 4
30 31 5 41
31 131 130 327
31 30 25 29
31 32 25 36
32 132 64 115
32 31 23 109
32 33 21 41
33 133 86 88
33 32 184 222
33 34 96 97
34 134 120 154
34 33 45 55
34 35 3 3
35 135 96 103
35 34 80 86
35 36 116 116
36 136 46 102
36 35 143 175
36 37 48 152
37 137 27 33
37 36 1 2
37 38 26 77
38 138 55 56
38 37 66 117
38 39 189 263
39 139 259 312
39 38 57 141
39 40 6 13
40 140 10 24
40 39 24 24
40 41 296 296
41 141 4 7
41 40 0 1
41 42 75 79
42 142 176 230
42 41 132 137
42 43 169 255
43 143 211 213
43 42 280 317
43 44 131 145
44 144 241 302
44 43 238 250
44 45 45 96
45 145 1 1
45 44 122 197
45 46 106 210
46 146 288 306
46 45 73 212
46 47 279 285
47 147 279 318
47 46 111 124
47 48 6 11
48 148 109 119
48 47 254 287
48 49 308 325
49 149 11 14
49 48 82 83
49 50 42 220
50 150 42 68
50 49 1 9
50 51 61 112
51 151 229 234
51 50 44 61
51 52 85 86
52 152 21 39
52 51 51 58
52 53 69 283
53 153 12 167
53 52 125 345
53 54 125 200
54 154 76 122
54 53 3 4
54 55 24 28
55 155 23 26
55 54 24 99
55 56 261 322
56 156 253 266
56 55 81 222
56 57 274 292
57 157 13 47
57 56 1 1
57 58 42 257
58 158 73 170
58 57 210 284
58 59 30 326
59 159 176 181
59 58 179 233
59 60 30 32
60 160 13 17
60 59 92 147
60 61 84 88
61 161 58 74
61 60 8 25
61 62 27 283
62 162 195 252
62 61 176 179
62 63 107 107
63 163 100 262
63 62 279 352
63 64 15 26
64 164 289 289
64 63 26 31
64 65 17 37
65 165 87 141
65 64 17 210
65 66 78 83
66 166 5 10
66 65 30 64
66 67 47 143
67 167 32 37
67 66 14 23
67 68 174 176
68 168 163 201
68 67 45 52
68 69 2 8
69 169 6 33
69 68 172 186
69 70 25 71
70 170 39 48
70 69 9 10
70 71 156 231
71 171 323 338
71 70 161 165
71 72 23 253
72 172 119 120
72 71 200 200
72 73 42 45
73 173 78 201
73 72 99 122
73 74 80 253
74 174 36 43
74 73 48 88
74 75 25 113
75 175 147 255
75 74 18 58
75 76 234 242
76 176 39 44
76 75 22 50
76 77 182 191
77 177 176 223
77 76 41 41
77 78 58 125
78 178 2 2
78 77 181 185
78 79 58 103
79 179 40 41
79 78 70 117
79 80 26 31
80 180 8 50
80 79 3 32
80 81 22 60
81 181 22 41
81 80 117 182
81 82 169 186
82 182 54 106
82 81 111 112
82 83 164 164
83 183 41 115
83 82 14 21
83 84 58 68
84 184 138 194
84 83 129 196
84 85 21 24
85 185 286 300
85 84 165 223
85 86 111 151
86 186 27 146
86 85 105 111
86 87 44 71
87 187 10 44
87 86 38 41
87 88 16 78
88 188 118 126
88 87 140 200
88 89 111 137
89 189 93 94
89 88 255 291
89 90 201 265
90 190 81 82
90 89 25 46
90 91 52 221
91 191 255 300
91 90 4 6
91 92 128 171
92 192 187 284
92 91 4 5
92 93 65 140
93 193 58 120
93 92 96 96
93 94 189 204
94 194 28 49
94 93 215 294
94 95 8 18
95 195 79 140
95 94 39 172
95 96 145 178
96 196 46 49
96 95 136 215
96 97 104 183
97 197 143 266
97 96 126 150
97 98 200 215
98 198 8 18
98 97 71 82
98 99 219 273
99 199 0 1
99 98 164 201
100 0 50 54
100 200 39 90
100 101 201 257
101 1 283 294
101 201 68 101
101 100 27 166
101 102 5 12
102 2 274 287
102 202 6 8
102 101 100 245
102 103 112 119
103 3 145 171
103 203 116 277
103 102 6 6
103 104 59 95
104 4 262 316
104 204 54 54
104 103 204 260
104 105 217 228
105 5 4 38
105 205 72 153
105 104 54 199
105 106 62 210
106 6 27 30
106 206 251 265
106 105 262 263
106 107 52 52
107 7 266 285
107 207 233 257
107 106 17 140
107 108 163 237
108 8 74 106
108 208 206 250
108 107 85 150
108 109 143 314
109 9 147 183
109 209 32 112
109 108 114 136
109 110 1 9
110 10 268 302
110 210 26 52
110 109 58 102
110 111 15 102
111 11 209 228
111 211 10 31
111 110 50 157
111 112 13 110
112 12 158 164
112 212 56 110
112 111 57 58
112 113 69 116
113 13 3 5
113 213 108 110
113 112 39 168
113 114 178 197
114 14 105 164
114 214 290 301
114 113 145 156
114 115 77 110
115 15 18 22
115 215 279 298
115 114 166 172
115 116 90 110
116 16 30 62
116 216 82 85
116 115 69 71
116 117 104 221
117 17 61 63
117 217 1 5
117 116 207 207
117 118 134 234
118 18 39 57
118 218 33 69
118 117 203 203
118 119 204 247
119 19 39 70
119 219 25 54
119 118 103 103
119 120 213 291
120 20 356 374
120 220 18 21
120 119 286 307
120 121 19 202
121 21 113 138
121 221 255 268
121 120 31 42
121 122 176 240
122 22 121 123
122 222 1 3
122 121 153 160
122 123 42 111
123 23 252 260
123 223 54 82
123 122 37 41
123 124 36 100
124 24 290 307
124 224 15 17
124 123 161 163
124 125 97 124
125 25 16 17
125 225 25 101
125 124 44 80
125 126 176 243
126 26 278 280
126 226 140 177
126 125 141 164
126 127 3 4
127 27 198 257
127 227 35 109
127 126 28 191
127 128 24 64
128 28 241 309
128 228 48 118
128 127 108 134
128 129 171 179
129 29 121 128
129 229 299 334
129 128 92 105
129 130 7 70
130 30 8 10
130 230 209 264
130 129 105 121
130 131 348 366
131 31 280 338
131 231 344 344
131 130 61 94
131 132 2 15
132 32 180 232
132 232 4 6
132 131 114 323
132 133 146 214
133 33 208 374
133 233 162 276
133 132 169 225
133 134 66 234
134 34 64 123
134 234 87 94
134 133 228 272
134 135 4 5
135 35 97 107
135 235 294 316
135 134 161 175
135 136 62 241
136 36 39 48
136 236 12 15
136 135 47 285
136 137 19 37
137 37 19 176
137 237 38 218
137 136 6 6
137 138 256 264
138 38 19 21
138 238 315 321
138 137 149 211
138 139 93 136
139 39 116 116
139 239 96 103
139 138 40 50
139 140 3 12
140 40 47 101
140 240 202 226
140 139 239 244
140 141 83 84
141 41 217 217
141 241 15 29
141 140 18 22
141 142 12 34
142 42 84 84
142 242 51 61
142 141 144 274
142 143 13 73
143 43 149 304
143 243 54 96
143 142 140 156
143 144 240 332
144 44 118 154
144 244 29 35
144 143 323 344
144 145 170 200
145 45 70 90
145 245 42 80
145 144 8 8
145 146 226 226
146 46 80 89
146 246 262 273
146 145 81 105
146 147 105 186
147 47 317 351
147 247 338 345
147 146 20 61
147 148 112 262
148 48 50 55
148 248 47 135
148 147 135 154
148 149 22 178
149 49 21 35
149 249 144 145
149 148 129 292
149 150 52 135
150 50 5 18
150 250 38 39
150 149 29 31
150 151 13 31
151 51 140 145
151 251 123 123
151 150 125 233
151 152 92 138
152 52 64 118
152 252 43 63
152 151 27 102
152 153 288 323
153 53 101 161
153 253 53 342
153 152 36 204
153 154 287 323
154 54 170 285
154 254 224 224
154 153 177 190
154 155 89 139
155 55 231 278
155 255 248 266
155 154 35 81
155 156 153 158
156 56 64 217
156 256 109 125
156 155 31 161
156 157 42 184
157 57 252 253
157 257 308 362
157 156 63 183
157 158 31 31
158 58 7 8
158 258 172 203
158 157 36 96
158 159 95 97
159 59 42 81
159 259 71 115
159 158 126 128
159 160 79 172
160 60 93 114
160 260 23 23
160 159 108 119
160 161 24 64
161 61 21 146
161 261 149 175
161 160 148 220
161 162 73 106
162 62 183 235
162 262 23 97
162 161 98 99
162 163 28 270
163 63 272 275
163 263 258 270
163 162 88 245
163 164 92 217
164 64 338 343
164 264 255 262
164 163 25 33
164 165 175 229
165 65 290 305
165 265 258 271
165 164 38 163
165 166 22 57
166 66 55 74
166 266 148 154
166 165 65 85
166 167 29 176
167 67 2 2
167 267 140 143
167 166 308 330
167 168 83 91
168 68 5 7
168 268 26 46
168 167 2 7
168 169 312 321
169 69 17 97
169 269 84 261
169 168 67 147
169 170 340 342
170 70 36 104
170 270 117 135
170 169 90 164
170 171 57 65
171 71 23 80
171 271 93 180
171 170 84 177
171 172 9 58
172 72 21 109
172 272 247 275
172 171 295 316
172 173 25 33
173 73 98 210
173 273 63 99
173 172 170 170
173 174 5 31
174 74 270 338
174 274 45 97
174 173 66 76
174 175 155 193
175 75 7 24
175 275 112 121
175 174 54 170
175 176 321 321
176 76 84 113
176 276 171 188
176 175 36 37
176 177 63 86
177 77 173 232
177 277 88 93
177 176 135 150
177 178 44 197
178 78 112 255
178 278 71 223
178 177 69 96
178 179 269 325
179 79 182 196
179 279 4 28
179 178 59 249
179 180 243 338
180 80 137 197
180 280 108 134
180 179 23 216
180 181 231 234
181 81 69 112
181 281 21 30
181 180 24 109
181 182 37 50
182 82 138 141
182 282 66 183
182 181 146 304
182 183 14 108
183 83 94 97
183 283 22 55
183 182 12 46
183 184 11 16
184 84 168 239
184 284 335 343
184 183 58 73
184 185 11 91
185 85 14 85
185 285 142 207
185 184 115 123
185 186 22 62
186 86 3 7
186 286 81 86
186 185 201 311
186 187 63 139
187 87 243 247
187 287 256 306
187 186 14 14
187 188 102 112
188 88 50 183
188 288 63 158
188 187 39 104
188 189 95 214
189 89 162 221
189 289 14 25
189 188 152 232
189 190 42 42
190 90 28 292
190 290 159 167
190 189 48 62
190 191 1 4
191 91 7 42
191 291 200 230
191 190 329 336
191 192 235 244
192 92 44 78
192 292 77 139
192 191 249 265
192 193 70 75
193 93 19 162
193 293 10 49
193 192 60 102
193 194 216 225
194 94 0 8
194 294 2 13
194 193 20 36
194 195 86 91
195 95 226 240
195 295 10 14
195 194 84 123
195 196 32 36
196 96 20 72
196 296 8 29
196 195 104 117
196 197 187 260
197 97 76 113
197 297 112 307
197 196 145 166
197 198 195 197
198 98 93 148
198 298 84 94
198 197 153 166
198 199 120 187
199 99 48 48
199 299 42 316
199 198 109 124
200 100 170 278
200 300 129 227
200 201 20 50
201 101 167 167
201 301 99 100
201 200 18 28
201 202 267 267
202 102 102 218
202 302 7 32
202 201 74 250
202 203 116 117
203 103 48 92
203 303 116 220
203 202 90 161
203 204 39 81
204 104 204 239
204 304 25 112
204 203 85 102
204 205 63 79
205 105 170 170
205 305 267 273
205 204 91 141
205 206 71 77
206 106 235 245
206 306 242 244
206 205 1 3
206 207 6 8
207 107 10 32
207 307 50 197
207 206 57 66
207 208 320 322
208 108 19 82
208 308 41 117
208 207 258 370
208 209 76 96
209 109 35 43
209 309 20 146
209 208 134 188
209 210 29 111
210 110 0 1
210 310 24 37
210 209 33 50
210 211 175 193
211 111 26 29
211 311 254 306
211 210 151 151
211 212 105 195
212 112 194 204
212 312 55 77
212 211 61 61
212 213 159 230
213 113 18 21
213 313 3 5
213 212 57 189
213 214 59 170
214 114 310 310
214 314 192 212
214 213 57 85
214 215 111 116
215 115 180 207
215 315 22 42
215 214 235 308
215 216 310 311
216 116 85 85
216 316 16 19
216 215 17 70
216 217 12 17
217 117 156 230
217 317 149 268
217 216 115 228
217 218 55 69
218 118 91 218
218 318 44 124
218 217 2 2
218 219 323 326
219 119 107 160
219 319 196 246
219 218 264 277
219 220 104 147
220 120 149 165
220 320 188 209
220 219 17 20
220 221 62 63
221 121 32 156
221 321 68 75
221 220 168 170
221 222 89 145
222 122 155 256
222 322 5 18
222 221 5 13
222 223 110 221
223 123 121 145
223 323 100 226
223 222 26 28
223 224 345 353
224 124 78 143
224 324 142 178
224 223 88 112
224 225 199 238
225 125 17 35
225 325 93 132
225 224 11 95
225 226 103 193
226 126 56 70
226 326 294 301
226 225 12 14
226 227 170 201
227 127 42 88
227 327 14 25
227 226 91 198
227 228 221 227
228 128 188 222
228 328 109 109
228 227 217 259
228 229 101 252
229 129 5 14
229 329 74 153
229 228 121 168
229 230 3 4
230 130 136 224
230 330 163 183
230 229 226 239
230 231 243 272
231 131 187 290
231 331 51 108
231 230 50 54
231 232 100 130
232 132 63 69
232 332 88 133
232 231 80 177
232 233 32 255
233 133 206 212
233 333 132 142
233 232 246 255
233 234 35 110
234 134 24 45
234 334 306 340
234 233 50 51
234 235 143 201
235 135 191 225
235 335 285 322
235 234 79 99
235 236 42 48
236 136 21 26
236 336 200 270
236 235 38 39
236 237 259 285
237 137 61 69
237 337 70 70
237 236 40 63
237 238 42 114
238 138 25 35
238 338 22 117
238 237 232 254
238 239 249 255
239 139 89 155
239 339 21 59
239 238 35 116
239 240 274 307
240 140 21 53
240 340 203 211
240 239 31 57
240 241 7 18
241 141 63 65
241 341 0 1
241 240 25 49
241 242 111 170
242 142 57 67
242 342 117 130
242 241 228 332
242 243 3 24
243 143 145 281
243 343 90 106
243 242 105 205
243 244 170 186
244 144 56 90
244 344 297 313
244 243 148 156
244 245 2 5
245 145 26 155
245 345 80 229
245 244 169 329
245 246 64 75
246 146 64 175
246 346 75 76
246 245 26 53
246 247 304 313
247 147 236 286
247 347 239 241
247 246 152 213
247 248 100 236
248 148 3 9
248 348 190 205
248 247 32 89
248 249 99 145
249 149 87 139
249 349 92 262
249 248 140 208
249 250 155 161
250 150 27 127
250 350 23 138
250 249 190 190
250 251 123 133
251 151 12 49
251 351 93 93
251 250 28 33
251 252 273 292
252 152 23 112
252 352 150 280
252 251 105 191
252 253 15 226
253 153 176 196
253 353 97 100
253 252 8 10
253 254 39 64
254 154 131 329
254 354 39 45
254 253 259 305
254 255 16 114
255 155 52 169
255 355 36 64
255 254 28 75
255 256 18 72
256 156 94 113
256 356 33 75
256 255 53 55
256 257 178 227
257 157 366 366
257 357 10 43
257 256 64 182
257 258 4 25
258 158 15 34
258 358 7 55
258 257 115 232
258 259 271 277
259 159 153 204
259 359 40 44
259 258 65 116
259 260 67 88
260 160 65 66
260 360 26 56
260 259 37 41
260 261 144 145
261 161 13 78
261 361 15 160
261 260 5 16
261 262 93 237
262 162 186 251
262 362 80 97
262 261 15 85
262 263 165 265
263 163 30 183
263 363 24 130
263 262 19 31
263 264 15 20
264 164 73 242
264 364 232 263
264 263 192 217
264 265 111 113
265 165 68 89
265 365 312 352
265 264 41 41
265 266 69 226
266 166 339 359
266 366 198 198
266 265 7 33
266 267 108 110
267 167 40 90
267 367 2 3
267 266 194 218
267 268 19 29
268 168 21 136
268 368 187 308
268 267 31 110
268 269 58 62
269 169 58 75
269 369 168 256
269 268 81 116
269 270 14 40
270 170 0 3
270 370 42 43
270 269 126 167
270 271 2 5
271 171 26 26
271 371 57 110
271 270 281 316
271 272 74 104
272 172 26 112
272 372 70 315
272 271 103 208
272 273 22 177
273 173 158 217
273 373 163 195
273 272 132 270
273 274 25 29
274 174 19 19
274 374 120 232
274 273 159 172
274 275 109 235
275 175 79 80
275 375 31 142
275 274 20 101
275 276 8 52
276 176 128 184
276 376 8 8
276 275 72 73
276 277 140 142
277 177 9 15
277 377 118 149
277 276 117 127
277 278 44 50
278 178 137 156
278 378 99 234
278 277 210 232
278 279 60 83
279 179 156 156
279 379 119 206
279 278 45 58
279 280 115 190
280 180 292 298
280 380 133 136
280 279 34 131
280 281 11 16
281 181 3 27
281 381 49 78
281 280 40 128
281 282 43 116
282 182 259 265
282 382 299 299
282 281 35 136
282 283 34 114
283 183 145 234
283 383 33 162
283 282 97 124
283 284 141 244
284 184 33 45
284 384 52 181
284 283 180 268
284 285 208 330
285 185 224 241
285 385 76 143
285 284 32 39
285 286 2 12
286 186 53 60
286 386 18 51
286 285 151 158
286 287 136 141
287 187 179 180
287 387 82 91
287 286 4 27
287 288 21 28
288 188 37 40
288 388 6 11
288 287 127 134
288 289 39 39
289 189 78 126
289 389 170 233
289 288 3 3
289 290 137 278
290 190 86 100
290 390 158 161
290 289 11 46
290 291 109 196
291 191 10 19
291 391 4 5
291 290 2 5
291 292 28 40
292 192 234 262
292 392 113 172
292 291 184 205
292 293 39 105
293 193 45 263
293 393 292 325
293 292 28 52
293 294 20 24
294 194 99 142
294 394 203 227
294 293 29 52
294 295 193 269
295 195 13 36
295 395 49 163
295 294 34 37
295 296 22 48
296 196 172 174
296 396 8 31
296 295 51 55
296 297 9 98
297 197 33 48
297 397 165 176
297 296 212 317
297 298 180 213
298 198 149 299
298 398 216 228
298 297 2 3
298 299 141 193
299 199 108 184
299 399 166 234
299 298 7 7
300 200 58 71
300 400 27 141
300 301 107 135
301 201 45 60
301 401 245 249
301 300 372 376
301 302 181 187
302 202 332 332
302 402 323 345
302 301 187 211
302 303 10 22
303 203 201 224
303 403 157 189
303 302 72 84
303 304 4 11
304 204 19 107
304 404 29 65
304 303 65 118
304 305 31 38
305 205 137 163
305 405 101 237
305 304 95 182
305 306 65 345
306 206 22 27
306 406 158 200
306 305 18 47
306 307 20 182
307 207 6 7
307 407 60 120
307 306 105 152
307 308 24 56
308 208 265 289
308 408 81 238
308 307 127 241
308 309 135 190
309 209 180 194
309 409 11 20
309 308 89 127
309 310 188 214
310 210 235 306
310 410 52 52
310 309 12 106
310 311 41 46
311 211 82 108
311 411 111 117
311 310 234 270
311 312 18 248
312 212 53 55
312 412 20 36
312 311 181 185
312 313 189 190
313 213 32 73
313 413 7 9
313 312 78 263
313 314 324 345
314 214 54 101
314 414 47 50
314 313 5 9
314 315 126 167
315 215 15 78
315 415 78 85
315 314 112 113
315 316 94 249
316 216 49 120
316 416 358 362
316 315 146 204
316 317 47 201
317 217 243 250
317 417 201 330
317 316 154 192
317 318 58 92
318 218 165 231
318 418 269 271
318 317 261 283
318 319 214 218
319 219 164 164
319 419 6 54
319 318 9 64
319 320 1 4
320 220 133 163
320 420 30 37
320 319 189 252
320 321 214 277
321 221 0 1
321 421 117 162
321 320 86 91
321 322 234 272
322 222 114 283
322 422 32 117
322 321 60 68
322 323 24 27
323 223 33 63
323 423 119 151
323 322 149 286
323 324 45 74
324 224 91 92
324 424 123 139
324 323 17 20
324 325 7 12
325 225 44 73
325 425 124 293
325 324 8 15
325 326 25 96
326 226 109 136
326 426 36 76
326 325 232 287
326 327 39 254
327 227 83 178
327 427 12 12
327 326 95 197
327 328 32 48
328 228 15 46
328 428 174 208
328 327 152 164
328 329 167 182
329 229 202 264
329 429 44 82
329 328 30 36
329 330 22 91
330 230 13 13
330 430 2 2
330 329 90 98
330 331 142 147
331 231 265 302
331 431 214 248
331 330 96 123
331 332 152 166
332 232 7 105
332 432 244 260
332 331 70 128
332 333 231 306
333 233 49 57
333 433 27 35
333 332 73 80
333 334 124 304
334 234 22 36
334 434 35 168
334 333 45 61
334 335 1 2
335 235 85 139
335 435 2 6
335 334 178 249
335 336 248 303
336 236 54 70
336 436 52 59
336 335 162 172
336 337 187 256
337 237 20 24
337 437 43 63
337 336 30 67
337 338 64 87
338 238 115 207
338 438 20 27
338 337 214 240
338 339 55 62
339 239 39 91
339 439 124 131
339 338 166 279
339 340 52 52
340 240 119 128
340 440 158 213
340 339 7 41
340 341 44 145
341 241 78 80
341 441 215 250
341 340 57 58
341 342 37 197
342 242 11 46
342 442 74 113
342 341 12 26
342 343 203 287
343 243 132 165
343 443 158 161
343 342 81 83
343 344 28 244
344 244 145 195
344 444 93 152
344 343 93 130
344 345 2 4
345 245 143 208
345 445 247 269
345 344 196 220
345 346 316 316
346 246 138 170
346 446 113 120
346 345 51 138
346 347 34 62
347 247 138 179
347 447 246 350
347 346 193 355
347 348 76 167
348 248 163 211
348 448 195 211
348 347 23 60
348 349 120 179
349 249 56 80
349 449 70 145
349 348 299 301
349 350 277 372
350 250 37 57
350 450 312 335
350 349 160 291
350 351 55 62
351 251 78 212
351 451 14 66
351 350 210 252
351 352 220 260
352 252 203 203
352 452 107 107
352 351 6 7
352 353 31 106
353 253 180 259
353 453 2 9
353 352 323 331
353 354 141 316
354 254 18 141
354 454 16 33
354 353 70 74
354 355 297 316
355 255 300 300
355 455 58 63
355 354 78 89
355 356 89 148
356 256 28 66
356 456 52 181
356 355 171 217
356 357 97 108
357 257 207 300
357 457 73 147
357 356 158 171
357 358 80 91
358 258 48 49
358 458 50 130
358 357 181 181
358 359 139 143
359 259 46 73
359 459 40 41
359 358 43 94
359 360 91 102
360 260 57 98
360 460 152 157
360 359 6 33
360 361 202 202
361 261 63 157
361 461 91 171
361 360 167 167
361 362 238 244
362 262 1 1
362 462 16 64
362 361 12 78
362 363 127 241
363 263 193 221
363 463 103 131
363 362 114 129
363 364 93 104
364 264 54 55
364 464 84 128
364 363 54 230
364 365 38 48
365 265 180 204
365 465 157 160
365 364 262 265
365 366 58 87
366 266 278 303
366 466 161 259
366 365 173 190
366 367 63 80
367 267 41 45
367 467 69 249
367 366 258 323
367 368 131 224
368 268 200 250
368 468 2 12
368 367 124 158
368 369 142 148
369 269 223 268
369 469 2 7
369 368 131 138
369 370 61 115
370 270 33 77
370 470 5 37
370 369 75 199
370 371 326 346
371 271 14 24
371 471 18 152
371 370 19 20
371 372 38 104
372 272 37 41
372 472 189 210
372 371 302 370
372 373 18 18
373 273 132 316
373 473 33 34
373 372 12 12
373 374 37 43
374 274 27 43
374 474 60 94
374 373 65 116
374 375 143 147
375 275 176 299
375 475 108 121
375 374 49 113
375 376 53 63
376 276 24 68
376 476 234 242
376 375 21 44
376 377 10 12
377 277 32 37
377 477 73 81
377 376 33 34
377 378 32 68
378 278 51 143
378 478 45 63
378 377 98 121
378 379 108 115
379 279 22 30
379 479 94 98
379 378 184 241
379 380 53 68
380 280 56 69
380 480 129 130
380 379 9 30
380 381 22 26
381 281 137 266
381 481 31 69
381 380 41 105
381 382 174 224
382 282 33 55
382 482 105 184
382 381 27 103
382 383 168 336
383 283 55 104
383 483 62 113
383 382 282 325
383 384 95 152
384 284 57 70
384 484 70 200
384 383 157 180
384 385 103 243
385 285 48 65
385 485 11 22
385 384 154 247
385 386 48 56
386 286 259 261
386 486 28 44
386 385 224 260
386 387 121 135
387 287 158 162
387 487 133 170
387 386 271 289
387 388 250 261
388 288 45 53
388 488 1 1
388 387 137 137
388 389 57 62
389 289 349 351
389 489 89 89
389 388 77 91
389 390 92 170
390 290 103 109
390 490 85 88
390 389 91 144
390 391 107 299
391 291 216 228
391 491 24 24
391 390 30 92
391 392 61 123
392 292 28 40
392 492 279 289
392 391 293 355
392 393 267 313
393 293 193 228
393 493 52 68
393 392 27 29
393 394 45 120
394 294 35 72
394 494 27 28
394 393 169 183
394 395 339 347
395 295 52 60
395 495 142 143
395 394 12 17
395 396 11 65
396 296 13 15
396 496 49 340
396 395 144 198
396 397 20 96
397 297 160 173
397 497 13 22
397 396 117 163
397 398 6 11
398 298 244 329
398 498 93 114
398 397 206 224
398 399 166 273
399 299 3 18
399 499 61 286
399 398 56 86
400 300 77 106
400 500 59 75
400 401 46 121
401 301 213 263
401 501 143 332
401 400 14 19
401 402 59 235
402 302 77 247
402 502 126 332
402 401 22 98
402 403 78 103
403 303 160 177
403 503 276 322
403 402 90 158
403 404 91 93
404 304 57 186
404 504 25 65
404 403 32 104
404 405 11 83
405 305 125 174
405 505 10 18
405 404 22 94
405 406 65 102
406 306 18 34
406 506 292 323
406 405 121 166
406 407 351 353
407 307 47 182
407 507 268 292
407 406 23 29
407 408 64 255
408 308 71 72
408 508 7 15
408 407 68 70
408 409 64 137
409 309 74 174
409 509 112 355
409 408 96 160
409 410 89 124
410 310 43 90
410 510 15 33
410 409 237 244
410 411 107 273
411 311 75 190
411 511 117 327
411 410 22 22
411 412 18 27
412 312 132 157
412 512 17 132
412 411 71 105
412 413 78 127
413 313 15 16
413 513 65 78
413 412 24 29
413 414 0 6
414 314 11 78
414 514 132 234
414 413 171 184
414 415 91 138
415 315 2 12
415 515 27 40
415 414 304 327
415 416 157 275
416 316 61 73
416 516 82 87
416 415 91 133
416 417 13 40
417 317 66 266
417 517 88 92
417 416 163 255
417 418 318 340
418 318 171 261
418 518 31 71
418 417 63 89
418 419 209 209
419 319 111 129
419 519 30 93
419 418 42 116
419 420 169 310
420 320 16 60
420 520 50 70
420 419 25 35
420 421 162 163
421 321 15 61
421 521 235 247
421 420 110 125
421 422 110 152
422 322 42 276
422 522 285 338
422 421 65 93
422 423 92 121
423 323 17 23
423 523 232 279
423 422 141 149
423 424 96 245
424 324 27 88
424 524 183 277
424 423 296 296
424 425 110 196
425 325 195 233
425 525 25 99
425 424 32 32
425 426 1 14
426 326 39 42
426 526 170 271
426 425 97 119
426 427 2 2
427 327 312 325
427 527 184 215
427 426 200 223
427 428 1 2
428 328 291 336
428 528 132 172
428 427 53 54
428 429 87 232
429 329 51 91
429 529 65 120
429 428 14 16
429 430 37 82
430 330 55 55
430 530 72 172
430 429 59 63
430 431 58 193
431 331 45 56
431 531 154 249
431 430 75 83
431 432 114 153
432 332 7 10
432 532 12 77
432 431 33 63
432 433 65 117
433 333 119 288
433 533 4 45
433 432 178 298
433 434 13 50
434 334 81 139
434 534 139 139
434 433 28 37
434 435 189 190
435 335 283 291
435 535 13 103
435 434 18 25
435 436 252 287
436 336 42 236
436 536 229 272
436 435 284 309
436 437 94 177
437 337 24 29
437 537 78 254
437 436 153 253
437 438 1 3
438 338 221 225
438 538 115 137
438 437 273 336
438 439 115 267
439 339 36 37
439 539 57 119
439 438 170 188
439 440 218 298
440 340 18 18
440 540 79 178
440 439 0 1
440 441 72 95
441 341 24 34
441 541 143 164
441 440 72 75
441 442 57 76
442 342 58 59
442 542 211 253
442 441 75 216
442 443 44 74
443 343 82 218
443 543 4 21
443 442 177 248
443 444 3 3
444 344 79 254
444 544 70 110
444 443 102 178
444 445 114 126
445 345 95 166
445 545 213 216
445 444 39 252
445 446 45 48
446 346 157 262
446 546 183 189
446 445 42 127
446 447 10 10
447 347 14 17
447 547 154 191
447 446 351 351
447 448 5 13
448 348 103 229
448 548 25 52
448 447 43 52
448 449 183 197
449 349 195 259
449 549 147 209
449 448 71 87
449 450 17 235
450 350 99 100
450 550 191 333
450 449 170 348
450 451 187 245
451 351 73 80
451 551 88 105
451 450 268 303
451 452 135 267
452 352 109 134
452 552 20 52
452 451 15 105
452 453 186 187
453 353 88 120
453 553 186 263
453 452 164 182
453 454 27 47
454 354 13 34
454 554 201 247
454 453 75 76
454 455 154 287
455 355 18 78
455 555 159 171
455 454 18 52
455 456 26 61
456 356 223 320
456 556 111 145
456 455 248 339
456 457 51 188
457 357 1 4
457 557 42 45
457 456 55 79
457 458 214 288
458 358 190 318
458 558 23 36
458 457 126 137
458 459 98 156
459 359 84 86
459 559 241 245
459 458 38 158
459 460 247 262
460 360 32 44
460 560 15 142
460 459 159 244
460 461 20 264
461 361 6 45
461 561 124 203
461 460 60 60
461 462 169 174
462 362 26 98
462 562 23 220
462 461 252 285
462 463 362 374
463 363 12 86
463 563 298 320
463 462 162 211
463 464 56 113
464 364 91 137
464 564 46 125
464 463 235 299
464 465 212 215
465 365 40 50
465 565 91 93
465 464 51 144
465 466 217 254
466 366 17 31
466 566 97 140
466 465 192 194
466 467 156 299
467 367 13 14
467 567 138 139
467 466 27 117
467 468 164 178
468 368 31 110
468 568 21 34
468 467 70 131
468 469 372 372
469 369 15 15
469 569 122 129
469 468 133 152
469 470 79 288
470 370 355 355
470 570 98 131
470 469 40 66
470 471 58 122
471 371 61 107
471 571 12 33
471 470 45 63
471 472 11 19
472 372 123 263
472 572 88 93
472 471 31 33
472 473 214 237
473 373 51 122
473 573 48 97
473 472 33 63
473 474 93 215
474 374 191 193
474 574 74 148
474 473 70 282
474 475 34 40
475 375 58 158
475 575 92 190
475 474 54 97
475 476 4 5
476 376 265 293
476 576 180 235
476 475 210 243
476 477 103 239
477 377 265 304
477 577 19 115
477 476 78 79
477 478 44 296
478 378 81 81
478 578 164 227
478 477 52 57
478 479 118 252
479 379 24 124
479 579 213 251
479 478 27 55
479 480 133 135
480 380 92 178
480 580 32 70
480 479 169 245
480 481 27 29
481 381 75 79
481 581 44 166
481 480 155 209
481 482 17 42
482 382 81 170
482 582 258 261
482 481 285 297
482 483 48 67
483 383 20 25
483 583 181 279
483 482 57 60
483 484 6 7
484 384 169 186
484 584 96 158
484 483 106 131
484 485 323 323
485 385 23 24
485 585 93 94
485 484 71 85
485 486 16 65
486 386 312 313
486 586 26 28
486 485 165 181
486 487 134 212
487 387 227 322
487 587 192 221
487 486 20 23
487 488 192 192
488 388 18 101
488 588 14 60
488 487 147 155
488 489 82 193
489 389 19 27
489 589 135 150
489 488 151 152
489 490 336 364
490 390 248 251
490 590 16 38
490 489 99 250
490 491 67 74
491 391 195 237
491 591 149 200
491 490 24 42
491 492 22 30
492 392 18 22
492 592 38 40
492 491 122 161
492 493 39 42
493 393 230 333
493 593 107 141
493 492 52 83
493 494 246 274
494 394 168 198
494 594 34 38
494 493 14 60
494 495 121 176
495 395 181 183
495 595 11 15
495 494 98 106
495 496 364 372
496 396 217 222
496 596 60 67
496 495 46 182
496 497 118 194
497 397 98 100
497 597 95 121
497 496 7 31
497 498 197 200
498 398 1 4
498 598 134 208
498 497 22 158
498 499 6 17
499 399 282 285
499 599 227 233
499 498 7 9
500 400 28 102
500 600 53 61
500 501 8 31
501 401 295 318
501 601 69 155
501 500 51 66
501 502 94 100
502 402 12 19
502 602 25 72
502 501 42 50
502 503 18 20
503 403 9 59
503 603 5 50
503 502 74 121
503 504 45 138
504 404 28 32
504 604 20 50
504 503 257 297
504 505 157 247
505 405 52 100
505 605 37 133
505 504 4 41
505 506 72 82
506 406 87 106
506 606 154 205
506 505 104 120
506 507 164 176
507 407 8 93
507 607 320 327
507 506 74 88
507 508 329 329
508 408 145 147
508 608 156 259
508 507 207 351
508 509 132 208
509 409 34 52
509 609 122 147
509 508 25 28
509 510 16 50
510 410 18 21
510 610 86 129
510 509 25 107
510 511 55 214
511 411 103 104
511 611 10 24
511 510 4 41
511 512 64 150
512 412 102 115
512 612 219 353
512 511 8 126
512 513 101 102
513 413 40 40
513 613 117 126
513 512 86 166
513 514 21 25
514 414 37 210
514 614 22 43
514 513 201 247
514 515 107 146
515 415 300 362
515 615 48 187
515 514 243 278
515 516 40 81
516 416 135 145
516 616 26 75
516 515 66 70
516 517 37 86
517 417 2 2
517 617 43 108
517 516 232 259
517 518 27 28
518 418 24 27
518 618 58 98
518 517 14 19
518 519 67 81
519 419 225 310
519 619 64 64
519 518 171 183
519 520 123 127
520 420 21 85
520 620 139 159
520 519 89 125
520 521 175 182
521 421 277 288
521 621 17 243
521 520 90 90
521 522 149 285
522 422 69 154
522 622 128 226
522 521 138 169
522 523 27 141
523 423 65 83
523 623 16 20
523 522 81 150
523 524 66 73
524 424 64 148
524 624 289 293
524 523 5 14
524 525 141 238
525 425 11 23
525 625 128 260
525 524 270 294
525 526 236 244
526 426 199 353
526 626 16 19
526 525 1 1
526 527 0 0
527 427 1 3
527 627 182 237
527 526 64 126
527 528 93 110
528 428 146 147
528 628 160 194
528 527 54 54
528 529 78 238
529 429 26 30
529 629 71 104
529 528 140 141
529 530 80 183
530 430 13 16
530 630 60 103
530 529 17 24
530 531 144 145
531 431 177 206
531 631 10 36
531 530 44 49
531 532 25 73
532 432 27 151
532 632 19 26
532 531 201 275
532 533 15 22
533 433 4 61
533 633 46 47
533 532 180 183
533 534 33 48
534 434 257 281
534 634 58 63
534 533 5 10
534 535 15 24
535 435 52 94
535 635 8 13
535 534 181 251
535 536 43 54
536 436 83 120
536 636 332 355
536 535 67 97
536 537 95 246
537 437 162 169
537 637 185 227
537 536 336 342
537 538 127 129
538 438 50 64
538 638 320 330
538 537 9 42
538 539 149 299
539 439 36 111
539 639 52 160
539 538 1 1
539 540 3 9
540 440 18 34
540 640 3 5
540 539 121 121
540 541 55 84
541 441 83 90
541 641 95 144
541 540 21 45
541 542 54 199
542 442 295 354
542 642 185 189
542 541 177 179
542 543 157 157
543 443 5 61
543 643 40 64
543 542 170 179
543 544 90 126
544 444 104 162
544 644 34 39
544 543 43 221
544 545 215 245
545 445 214 340
545 645 145 175
545 544 155 204
545 546 18 33
546 446 197 232
546 646 96 153
546 545 18 89
546 547 40 42
547 447 184 187
547 647 19 84
547 546 225 235
547 548 121 133
548 448 119 132
548 648 50 54
548 547 183 245
548 549 59 61
549 449 14 38
549 649 179 189
549 548 88 100
549 550 11 49
550 450 122 137
550 650 77 85
550 549 58 129
550 551 16 55
551 451 22 64
551 651 18 26
551 550 84 88
551 552 60 97
552 452 46 54
552 652 66 134
552 551 85 95
552 553 102 102
553 453 35 39
553 653 75 189
553 552 56 117
553 554 141 234
554 454 18 19
554 654 167 171
554 553 28 62
554 555 252 282
555 455 263 268
555 655 36 76
555 554 150 169
555 556 95 120
556 456 99 190
556 656 199 309
556 555 152 244
556 557 14 32
557 457 125 269
557 657 100 105
557 556 11 17
557 558 366 370
558 458 236 236
558 658 28 48
558 557 7 10
558 559 172 194
559 459 12 158
559 659 248 341
559 558 180 248
559 560 321 355
560 460 71 76
560 660 72 203
560 559 287 287
560 561 54 55
561 461 108 185
561 661 15 39
561 560 131 145
561 562 11 56
562 462 180 215
562 662 171 171
562 561 198 198
562 563 158 160
563 463 35 238
563 663 21 23
563 562 55 93
563 564 19 22
564 464 221 285
564 664 27 74
564 563 42 172
564 565 154 156
565 465 102 108
565 665 1 1
565 564 115 140
565 566 127 166
566 466 205 208
566 666 164 169
566 565 27 61
566 567 171 208
567 467 141 159
567 667 187 204
567 566 24 174
567 568 68 265
568 468 62 75
568 668 7 12
568 567 5 14
568 569 14 245
569 469 31 57
569 669 105 204
569 568 36 84
569 570 82 84
570 470 52 93
570 670 88 161
570 569 274 280
570 571 45 139
571 471 232 297
571 671 185 246
571 570 50 101
571 572 130 152
572 472 46 91
572 672 88 144
572 571 45 49
572 573 159 174
573 473 204 233
573 673 173 242
573 572 20 74
573 574 360 364
574 474 247 306
574 674 116 125
574 573 65 109
574 575 147 237
575 475 116 121
575 675 180 219
575 574 78 129
575 576 195 195
576 476 99 190
576 676 249 334
576 575 125 130
576 577 65 83
577 477 56 121
577 677 115 138
577 576 69 182
577 578 39 39
578 478 29 31
578 678 206 265
578 577 13 24
578 579 93 246
579 479 16 30
579 679 31 91
579 578 76 118
579 580 25 214
580 480 13 24
580 680 39 55
580 579 16 30
580 581 35 203
581 481 74 279
581 681 24 58
581 580 53 62
581 582 98 119
582 482 82 186
582 682 67 122
582 581 19 36
582 583 185 297
583 483 40 46
583 683 100 103
583 582 19 23
583 584 142 146
584 484 4 11
584 684 21 50
584 583 344 349
584 585 37 41
585 485 338 347
585 685 152 153
585 584 129 210
585 586 57 224
586 486 104 138
586 686 66 97
586 585 45 47
586 587 320 344
587 487 157 217
587 687 145 156
587 586 26 36
587 588 16 26
588 488 159 197
588 688 36 88
588 587 29 100
588 589 148 179
589 489 156 206
589 689 81 117
589 588 101 103
589 590 13 90
590 490 105 132
590 690 12 49
590 589 141 227
590 591 51 59
591 491 87 105
591 691 47 65
591 590 115 118
591 592 25 89
592 492 245 280
592 692 14 42
592 591 152 290
592 593 14 29
593 493 42 138
593 693 5 17
593 592 76 78
593 594 270 306
594 494 202 229
594 694 36 176
594 593 317 345
594 595 41 145
595 495 200 266
595 695 9 9
595 594 13 18
595 596 17 33
596 496 18 21
596 696 36 92
596 595 105 223
596 597 49 213
597 497 139 163
597 697 24 34
597 596 72 114
597 598 67 99
598 498 47 52
598 698 17 175
598 597 182 230
598 599 10 13
599 499 27 88
599 699 148 190
599 598 28 86
600 500 13 211
600 700 64 161
600 601 109 141
601 501 37 43
601 701 113 178
601 600 30 30
601 602 41 50
602 502 126 129
602 702 193 257
602 601 210 288
602 603 90 92
603 503 10 136
603 703 18 20
603 602 209 278
603 604 83 97
604 504 298 331
604 704 183 186
604 603 76 104
604 605 107 153
605 505 248 327
605 705 257 270
605 604 163 174
605 606 6 9
606 506 81 148
606 706 76 96
606 605 41 47
606 607 16 192
607 507 262 297
607 707 58 83
607 606 42 86
607 608 207 231
608 508 49 130
608 708 37 44
608 607 12 33
608 609 146 178
609 509 138 153
609 709 33 103
609 608 112 134
609 610 27 49
610 510 272 282
610 710 124 149
610 609 15 45
610 611 3 6
611 511 256 263
611 711 114 130
611 610 118 210
611 612 15 147
612 512 32 55
612 712 39 39
612 611 30 38
612 613 89 282
613 513 90 226
613 713 47 49
613 612 134 187
613 614 56 121
614 514 43 258
614 714 7 55
614 613 20 21
614 615 4 17
615 515 43 83
615 715 68 70
615 614 76 78
615 616 16 17
616 516 203 209
616 716 30 29
616 615 18 32
616 617 56 131
617 517 206 278
617 717 211 266
617 616 15 17
617 618 260 291
618 518 36 51
618 718 29 30
618 617 91 95
618 619 172 249
619 519 41 77
619 719 124 136
619 618 20 29
619 620 33 64
620 520 203 231
620 720 64 112
620 619 127 344
620 621 52 60
621 521 41 50
621 721 14 81
621 620 151 151
621 622 344 364
622 522 8 60
622 722 129 131
622 621 192 289
622 623 52 76
623 523 39 149
623 723 42 146
623 622 285 342
623 624 73 127
624 524 161 166
624 724 6 11
624 623 42 46
624 625 214 236
625 525 48 72
625 725 120 158
625 624 60 81
625 626 195 208
626 526 79 98
626 726 44 54
626 625 228 309
626 627 48 81
627 527 58 58
627 727 85 103
627 626 149 301
627 628 156 241
628 528 91 235
628 728 75 121
628 627 125 127
628 629 25 113
629 529 103 122
629 729 29 157
629 628 81 142
629 630 269 316
630 530 96 311
630 730 57 60
630 629 24 25
630 631 315 319
631 531 71 85
631 731 128 199
631 630 253 254
631 632 277 292
632 532 131 133
632 732 194 194
632 631 315 323
632 633 198 205
633 533 161 230
633 733 42 50
633 632 5 84
633 634 169 171
634 534 195 226
634 734 58 213
634 633 48 104
634 635 98 105
635 535 8 11
635 735 247 247
635 634 52 55
635 636 255 306
636 536 296 296
636 736 15 172
636 635 46 97
636 637 60 67
637 537 31 211
637 737 56 109
637 636 113 171
637 638 17 21
638 538 92 167
638 738 172 179
638 637 51 245
638 639 113 138
639 539 22 65
639 739 109 115
639 638 70 116
639 640 142 232
640 540 58 132
640 740 8 67
640 639 52 170
640 641 74 92
641 541 78 120
641 741 23 115
641 640 93 153
641 642 150 205
642 542 95 125
642 742 168 217
642 641 203 281
642 643 48 126
643 543 309 325
643 743 15 37
643 642 78 97
643 644 214 224
644 544 185 210
644 744 120 222
644 643 82 216
644 645 69 211
645 545 44 55
645 745 21 56
645 644 54 194
645 646 206 207
646 546 40 46
646 746 57 62
646 645 106 137
646 647 240 244
647 547 74 118
647 747 5 14
647 646 56 110
647 648 174 212
648 548 2 5
648 748 97 119
648 647 171 209
648 649 10 10
649 549 7 43
649 749 116 188
649 648 62 63
649 650 170 202
650 550 85 115
650 750 60 84
650 649 207 281
650 651 212 223
651 551 38 235
651 751 85 174
651 650 105 127
651 652 185 270
652 552 75 122
652 752 115 118
652 651 55 119
652 653 132 160
653 553 42 47
653 753 216 231
653 652 55 66
653 654 89 122
654 554 114 227
654 754 76 168
654 653 13 77
654 655 33 51
655 555 3 5
655 755 1 15
655 654 91 153
655 656 218 242
656 556 103 133
656 756 22 26
656 655 8 42
656 657 0 0
657 557 123 181
657 757 23 24
657 656 145 314
657 658 205 216
658 558 195 281
658 758 42 78
658 657 64 122
658 659 9 10
659 559 58 149
659 759 81 252
659 658 213 328
659 660 109 327
660 560 56 66
660 760 8 11
660 659 125 158
660 661 45 70
661 561 4 6
661 761 164 188
661 660 51 65
661 662 198 248
662 562 82 99
662 762 93 96
662 661 125 161
662 663 30 32
663 563 19 41
663 763 7 110
663 662 46 230
663 664 122 222
664 564 96 113
664 764 253 345
664 663 18 80
664 665 49 167
665 565 144 336
665 765 106 143
665 664 107 115
665 666 2 3
666 566 167 256
666 766 125 197
666 665 48 75
666 667 130 213
667 567 125 153
667 767 76 168
667 666 44 81
667 668 36 56
668 568 134 158
668 768 7 61
668 667 95 140
668 669 34 37
669 569 12 52
669 769 87 93
669 668 2 12
669 670 22 22
670 570 179 197
670 770 8 13
670 669 83 94
670 671 25 151
671 571 14 14
671 771 116 238
671 670 32 75
671 672 57 86
672 572 271 274
672 772 107 193
672 671 200 205
672 673 54 67
673 573 50 98
673 773 63 178
673 672 58 228
673 674 21 23
674 574 104 276
674 774 171 171
674 673 7 7
674 675 110 125
675 575 188 302
675 775 24 115
675 674 141 159
675 676 17 89
676 576 62 160
676 776 225 241
676 675 262 285
676 677 158 160
677 577 260 296
677 777 103 262
677 676 10 33
677 678 283 316
678 578 111 171
678 778 9 10
678 677 84 97
678 679 4 40
679 579 52 55
679 779 94 133
679 678 62 99
679 680 97 193
680 580 56 181
680 780 141 158
680 679 201 217
680 681 31 37
681 581 191 208
681 781 178 194
681 680 108 135
681 682 178 202
682 582 19 208
682 782 72 85
682 681 5 5
682 683 121 297
683 583 8 22
683 783 19 22
683 682 43 114
683 684 50 55
684 584 157 157
684 784 63 71
684 683 107 109
684 685 10 18
685 585 79 175
685 785 34 120
685 684 73 74
685 686 27 43
686 586 89 89
686 786 32 33
686 685 114 129
686 687 7 10
687 587 105 279
687 787 212 212
687 686 117 157
687 688 10 84
688 588 73 83
688 788 106 235
688 687 174 351
688 689 21 154
689 589 144 145
689 789 120 206
689 688 2 3
689 690 58 78
690 590 48 205
690 790 1 1
690 689 215 228
690 691 126 197
691 591 5 44
691 791 66 76
691 690 37 55
691 692 14 37
692 592 147 194
692 792 13 43
692 691 261 319
692 693 32 69
693 593 204 232
693 793 340 359
693 692 142 159
693 694 26 31
694 594 24 190
694 794 171 207
694 693 57 69
694 695 39 224
695 595 87 92
695 795 302 313
695 694 129 148
695 696 103 143
696 596 88 208
696 796 275 287
696 695 120 146
696 697 146 224
697 597 7 28
697 797 130 142
697 696 186 199
697 698 51 62
698 598 45 243
698 798 226 226
698 697 55 120
698 699 0 9
699 599 172 172
699 799 166 293
699 698 175 218
700 600 36 68
700 800 171 208
700 701 289 343
701 601 9 12
701 801 108 108
701 700 25 112
701 702 146 198
702 602 102 245
702 802 40 73
702 701 14 158
702 703 15 157
703 603 149 228
703 803 152 197
703 702 50 207
703 704 228 234
704 604 240 245
704 804 18 27
704 703 3 3
704 705 112 121
705 605 34 68
705 805 8 24
705 704 96 334
705 706 62 73
706 606 28 49
706 806 20 73
706 705 55 103
706 707 15 15
707 607 9 89
707 807 2 4
707 706 20 28
707 708 81 100
708 608 11 21
708 808 3 24
708 707 141 207
708 709 67 69
709 609 18 35
709 809 360 362
709 708 107 110
709 710 27 45
710 610 18 65
710 810 78 137
710 709 118 173
710 711 7 9
711 611 55 57
711 811 89 96
711 710 188 213
711 712 312 332
712 612 1 2
712 812 103 113
712 711 39 82
712 713 61 215
713 613 22 64
713 813 249 288
713 712 60 201
713 714 36 80
714 614 29 74
714 814 151 223
714 713 239 270
714 715 68 136
715 615 354 358
715 815 176 183
715 714 84 105
715 716 11 121
716 616 109 182
716 816 30 52
716 715 17 100
716 717 82 192
717 617 35 151
717 817 241 264
717 716 17 42
717 718 273 293
718 618 34 52
718 818 39 136
718 717 210 214
718 719 36 36
719 619 14 18
719 819 88 128
719 718 0 7
719 720 108 286
720 620 9 9
720 820 10 137
720 719 45 50
720 721 7 95
721 621 22 174
721 821 5 28
721 720 15 32
721 722 34 37
722 622 164 248
722 822 224 254
722 721 155 256
722 723 252 330
723 623 18 83
723 823 143 362
723 722 259 266
723 724 183 258
724 624 55 202
724 824 203 241
724 723 64 327
724 725 90 110
725 625 137 179
725 825 255 284
725 724 51 65
725 726 168 221
726 626 50 160
726 826 124 162
726 725 43 284
726 727 6 7
727 627 86 146
727 827 33 112
727 726 137 249
727 728 144 150
728 628 350 350
728 828 266 270
728 727 76 203
728 729 96 99
729 629 106 107
729 829 18 18
729 728 207 238
729 730 162 287
730 630 84 89
730 830 145 148
730 729 47 50
730 731 93 241
731 631 5 14
731 831 135 215
731 730 82 122
731 732 58 141
732 632 295 323
732 832 193 193
732 731 231 241
732 733 145 149
733 633 47 49
733 833 13 17
733 732 46 59
733 734 45 53
734 634 29 75
734 834 166 180
734 733 51 90
734 735 93 134
735 635 43 243
735 835 70 86
735 734 21 158
735 736 72 160
736 636 6 6
736 836 137 264
736 735 67 83
736 737 37 45
737 637 10 10
737 837 246 314
737 736 7 12
737 738 91 124
738 638 95 249
738 838 87 122
738 737 336 338
738 739 63 119
739 639 187 198
739 839 77 85
739 738 208 261
739 740 113 114
740 640 82 91
740 840 71 71
740 739 139 342
740 741 91 182
741 641 67 79
741 841 165 189
741 740 114 116
741 742 254 340
742 642 82 195
742 842 93 94
742 741 105 168
742 743 251 273
743 643 24 24
743 843 48 215
743 742 282 285
743 744 176 290
744 644 102 268
744 844 250 252
744 743 48 112
744 745 24 74
745 645 252 293
745 845 125 231
745 744 182 191
745 746 74 122
746 646 3 5
746 846 6 8
746 745 34 42
746 747 16 21
747 647 172 190
747 847 77 79
747 746 102 282
747 748 68 87
748 648 32 37
748 848 24 59
748 747 32 60
748 749 17 180
749 649 239 260
749 849 101 147
749 748 73 80
749 750 141 147
750 650 83 130
750 850 140 147
750 749 84 90
750 751 66 73
751 651 26 60
751 851 5 7
751 750 80 85
751 752 178 300
752 652 50 155
752 852 40 69
752 751 11 151
752 753 23 24
753 653 51 67
753 853 100 129
753 752 25 32
753 754 272 276
754 654 113 124
754 854 13 31
754 753 74 135
754 755 3 4
755 655 20 29
755 855 59 344
755 754 69 103
755 756 237 242
756 656 259 302
756 856 74 143
756 755 22 81
756 757 65 74
757 657 56 100
757 857 8 15
757 756 39 53
757 758 237 240
758 658 51 76
758 858 153 249
758 757 160 193
758 759 131 135
759 659 74 184
759 859 74 104
759 758 118 123
759 760 86 119
760 660 51 221
760 860 76 112
760 759 88 101
760 761 16 37
761 661 22 26
761 861 39 41
761 760 139 250
761 762 20 62
762 662 10 21
762 862 21 80
762 761 89 136
762 763 51 76
763 663 174 192
763 863 13 22
763 762 328 364
763 764 8 11
764 664 235 240
764 864 56 88
764 763 68 149
764 765 100 105
765 665 189 213
765 865 12 17
765 764 32 33
765 766 198 248
766 666 352 360
766 866 7 10
766 765 75 108
766 767 314 315
767 667 104 287
767 867 59 150
767 766 104 125
767 768 10 16
768 668 24 31
768 868 167 198
768 767 12 32
768 769 21 42
769 669 57 76
769 869 31 31
769 768 32 83
769 770 28 44
770 670 90 112
770 870 226 334
770 769 139 180
770 771 281 336
771 671 95 103
771 871 161 175
771 770 44 232
771 772 154 157
772 672 38 48
772 872 50 55
772 771 55 62
772 773 133 232
773 673 36 168
773 873 100 193
773 772 120 147
773 774 219 251
774 674 13 62
774 874 88 345
774 773 21 142
774 775 89 91
775 675 37 45
775 875 62 188
775 774 136 215
775 776 148 170
776 676 37 135
776 876 1 10
776 775 226 270
776 777 30 43
777 677 12 15
777 877 155 210
777 776 27 204
777 778 28 157
778 678 4 12
778 878 45 85
778 777 178 246
778 779 25 36
779 679 19 31
779 879 53 95
779 778 19 30
779 780 64 69
780 680 5 5
780 880 14 23
780 779 73 213
780 781 113 253
781 681 303 314
781 881 45 106
781 780 40 103
781 782 166 197
782 682 338 338
782 882 266 280
782 781 261 263
782 783 70 171
783 683 17 135
783 883 33 49
783 782 187 205
783 784 108 190
784 684 8 15
784 884 108 132
784 783 4 30
784 785 207 250
785 685 142 143
785 885 112 210
785 784 119 155
785 786 118 139
786 686 146 149
786 886 129 129
786 785 231 259
786 787 137 292
787 687 27 47
787 887 64 82
787 786 12 13
787 788 315 315
788 688 178 208
788 888 247 311
788 787 8 10
788 789 131 150
789 689 208 212
789 889 245 265
789 788 137 306
789 790 8 14
790 690 171 194
790 890 19 45
790 789 166 199
790 791 102 102
791 691 78 102
791 891 180 202
791 790 82 128
791 792 95 153
792 692 213 222
792 892 17 104
792 791 106 202
792 793 186 264
793 693 61 351
793 893 39 182
793 792 7 53
793 794 141 151
794 694 31 177
794 894 20 125
794 793 274 314
794 795 99 190
795 695 217 217
795 895 5 18
795 794 45 50
795 796 97 119
796 696 67 76
796 896 281 281
796 795 7 13
796 797 159 272
797 697 24 84
797 897 355 356
797 796 105 125
797 798 56 60
798 698 74 111
798 898 90 206
798 797 11 19
798 799 185 221
799 699 52 98
799 899 12 62
799 798 81 137
800 700 160 176
800 900 43 46
800 801 17 51
801 701 83 179
801 901 26 33
801 800 39 40
801 802 240 242
802 702 77 240
802 902 5 28
802 801 109 118
802 803 32 162
803 703 178 260
803 903 155 312
803 802 29 217
803 804 64 93
804 704 46 46
804 904 99 284
804 803 59 249
804 805 17 37
805 705 75 89
805 905 114 161
805 804 39 51
805 806 49 170
806 706 19 70
806 906 28 289
806 805 15 42
806 807 17 34
807 707 217 219
807 907 115 224
807 806 169 185
807 808 10 37
808 708 287 298
808 908 177 185
808 807 185 279
808 809 45 125
809 709 234 234
809 909 37 79
809 808 207 205
809 810 30 156
810 710 110 288
810 910 163 327
810 809 21 24
810 811 18 40
811 711 187 230
811 911 121 147
811 810 63 63
811 812 216 270
812 712 8 53
812 912 12 13
812 811 71 71
812 813 6 73
813 713 88 153
813 913 6 20
813 812 118 141
813 814 38 177
814 714 186 186
814 914 184 246
814 813 16 38
814 815 17 29
815 715 134 156
815 915 10 23
815 814 199 199
815 816 176 189
816 716 325 327
816 916 149 189
816 815 11 86
816 817 99 134
817 717 36 42
817 917 205 218
817 816 73 218
817 818 16 47
818 718 131 179
818 918 89 106
818 817 214 216
818 819 230 291
819 719 273 278
819 919 31 33
819 818 50 176
819 820 32 58
820 720 8 21
820 920 35 43
820 819 37 115
820 821 102 123
821 721 139 234
821 921 199 323
821 820 34 65
821 822 73 244
822 722 41 85
822 922 54 56
822 821 34 39
822 823 0 1
823 723 166 190
823 923 96 100
823 822 133 250
823 824 203 330
824 724 153 157
824 924 139 141
824 823 20 86
824 825 43 178
825 725 48 151
825 925 53 142
825 824 99 109
825 826 51 80
826 726 19 21
826 926 92 181
826 825 32 50
826 827 45 139
827 727 85 89
827 927 206 207
827 826 39 169
827 828 184 214
828 728 27 51
828 928 143 197
828 827 57 135
828 829 2 3
829 729 210 252
829 929 1 1
829 828 106 114
829 830 32 102
830 730 230 248
830 930 14 52
830 829 13 41
830 831 55 62
831 731 18 72
831 931 20 36
831 830 90 99
831 832 72 115
832 732 13 29
832 932 98 124
832 831 79 117
832 833 148 194
833 733 211 275
833 933 68 68
833 832 20 33
833 834 175 250
834 734 28 280
834 934 59 94
834 833 77 257
834 835 55 133
835 735 257 273
835 935 192 211
835 834 92 167
835 836 48 169
836 736 3 5
836 936 23 97
836 835 62 300
836 837 11 117
837 737 6 8
837 937 13 88
837 836 241 241
837 838 4 12
838 738 27 66
838 938 14 71
838 837 67 100
838 839 26 102
839 739 198 204
839 939 219 230
839 838 101 151
839 840 73 99
840 740 0 6
840 940 28 31
840 839 273 287
840 841 90 97
841 741 15 20
841 941 151 172
841 840 213 217
841 842 92 92
842 742 106 225
842 942 86 107
842 841 145 169
842 843 141 202
843 743 41 91
843 943 103 108
843 842 106 143
843 844 224 285
844 744 42 178
844 944 325 352
844 843 204 236
844 845 51 52
845 745 171 177
845 945 106 169
845 844 97 261
845 846 96 161
846 746 17 46
846 946 185 221
846 845 5 16
846 847 166 174
847 747 90 112
847 947 37 49
847 846 250 260
847 848 316 332
848 748 4 5
848 948 141 156
848 847 68 81
848 849 65 106
849 749 26 28
849 949 5 21
849 848 157 168
849 850 64 123
850 750 110 120
850 950 147 147
850 849 65 90
850 851 194 262
851 751 50 53
851 951 2 5
851 850 244 261
851 852 36 65
852 752 114 275
852 952 210 274
852 851 25 39
852 853 211 213
853 753 65 100
853 953 159 160
853 852 264 311
853 854 96 265
854 754 237 290
854 954 157 197
854 853 50 172
854 855 47 52
855 755 82 110
855 955 56 102
855 854 55 127
855 856 28 50
856 756 9 14
856 956 95 128
856 855 224 243
856 857 70 190
857 757 43 51
857 957 18 257
857 856 26 69
857 858 48 51
858 758 113 149
858 958 145 241
858 857 89 121
858 859 171 213
859 759 1 1
859 959 1 5
859 858 224 355
859 860 22 200
860 760 49 57
860 960 74 138
860 859 99 112
860 861 44 188
861 761 82 153
861 961 25 30
861 860 310 317
861 862 93 119
862 762 40 42
862 962 259 280
862 861 60 113
862 863 209 217
863 763 80 226
863 963 21 212
863 862 184 283
863 864 77 168
864 764 78 155
864 964 40 52
864 863 143 174
864 865 141 170
865 765 113 152
865 965 145 238
865 864 1 2
865 866 40 44
866 766 25 51
866 966 181 205
866 865 210 237
866 867 84 92
867 767 312 350
867 967 219 232
867 866 136 205
867 868 9 10
868 768 96 120
868 968 1 9
868 867 31 36
868 869 123 241
869 769 117 142
869 969 165 236
869 868 21 25
869 870 103 118
870 770 230 242
870 970 55 68
870 869 32 174
870 871 20 139
871 771 51 89
871 971 28 36
871 870 57 65
871 872 77 84
872 772 209 209
872 972 30 36
872 871 42 134
872 873 35 42
873 773 126 218
873 973 78 94
873 872 41 48
873 874 1 5
874 774 200 236
874 974 1 5
874 873 53 117
874 875 114 120
875 775 19 22
875 975 164 200
875 874 59 133
875 876 32 120
876 776 83 164
876 976 113 169
876 875 8 59
876 877 180 199
877 777 27 217
877 977 114 321
877 876 44 45
877 878 162 220
878 778 19 19
878 978 57 75
878 877 208 252
878 879 73 77
879 779 127 138
879 979 61 108
879 878 42 234
879 880 64 65
880 780 48 73
880 980 153 153
880 879 257 258
880 881 68 114
881 781 95 95
881 981 174 239
881 880 45 137
881 882 297 312
882 782 108 122
882 982 141 188
882 881 11 19
882 883 156 187
883 783 53 86
883 983 59 60
883 882 58 189
883 884 276 278
884 784 4 18
884 984 163 173
884 883 56 64
884 885 88 129
885 785 10 10
885 985 9 11
885 884 19 36
885 886 2 24
886 786 253 302
886 986 91 128
886 885 165 180
886 887 63 81
887 787 99 183
887 987 61 95
887 886 39 176
887 888 43 71
888 788 63 152
888 988 102 153
888 887 159 300
888 889 111 129
889 789 17 42
889 989 297 318
889 888 67 278
889 890 118 227
890 790 175 190
890 990 42 162
890 889 93 126
890 891 50 84
891 791 38 48
891 991 35 113
891 890 244 318
891 892 99 104
892 792 5 5
892 992 38 240
892 891 283 302
892 893 33 44
893 793 62 63
893 993 190 215
893 892 142 171
893 894 126 132
894 794 161 262
894 994 179 190
894 893 221 278
894 895 122 251
895 795 334 349
895 995 39 52
895 894 98 243
895 896 67 73
896 796 250 256
896 996 2 2
896 895 93 104
896 897 94 115
897 797 46 81
897 997 11 22
897 896 42 53
897 898 137 153
898 798 27 27
898 998 42 63
898 897 246 362
898 899 208 220
899 799 83 134
899 999 6 11
899 898 13 93
900 800 84 89
900 901 65 75
901 801 20 20
901 900 22 25
901 902 59 126
902 802 252 264
902 901 56 101
902 903 55 127
903 803 114 175
903 902 140 208
903 904 198 198
904 804 163 251
904 903 155 198
904 905 10 14
905 805 72 74
905 904 37 46
905 906 14 25
906 806 62 153
906 905 22 132
906 907 60 67
907 807 14 24
907 906 48 64
907 908 100 267
908 808 269 356
908 907 45 48
908 909 327 327
909 809 263 280
909 908 1 13
909 910 22 37
910 810 13 19
910 909 50 242
910 911 16 205
911 811 128 193
911 910 73 103
911 912 111 181
912 812 248 267
912 911 174 214
912 913 57 112
913 813 41 41
913 912 45 147
913 914 169 213
914 814 63 63
914 913 11 23
914 915 291 315
915 815 22 120
915 914 53 89
915 916 24 54
916 816 64 65
916 915 268 268
916 917 53 96
917 817 35 228
917 916 55 116
917 918 126 126
918 818 181 197
918 917 7 24
918 919 160 180
919 819 281 305
919 918 52 278
919 920 29 29
920 820 207 245
920 919 97 124
920 921 283 322
921 821 200 224
921 920 125 218
921 922 73 73
922 822 227 290
922 921 0 1
922 923 57 195
923 823 72 99
923 922 84 186
923 924 19 20
924 824 11 27
924 923 40 66
924 925 55 104
925 825 94 124
925 924 32 80
925 926 99 160
926 826 20 195
926 925 101 248
926 927 172 322
927 827 88 101
927 926 25 51
927 928 33 280
928 828 15 27
928 927 62 75
928 929 127 263
929 829 106 176
929 928 193 194
929 930 150 168
930 830 1 12
930 929 126 131
930 931 41 50
931 831 100 132
931 930 73 85
931 932 134 149
932 832 19 51
932 931 7 86
932 933 67 67
933 833 174 205
933 932 27 35
933 934 4 6
934 834 27 28
934 933 9 49
934 935 83 207
935 835 86 298
935 934 4 12
935 936 172 198
936 836 62 127
936 935 54 139
936 937 30 58
937 837 15 33
937 936 262 268
937 938 33 37
938 838 18 18
938 937 151 188
938 939 242 344
939 839 135 229
939 938 16 20
939 940 263 266
940 840 98 112
940 939 245 260
940 941 57 165
941 841 63 116
941 940 30 61
941 942 42 138
942 842 222 222
942 941 146 231
942 943 20 104
943 843 116 119
943 942 35 43
943 944 51 114
944 844 116 288
944 943 99 135
944 945 27 34
945 845 31 40
945 944 42 51
945 946 68 78
946 846 21 26
946 945 8 12
946 947 62 83
947 847 39 42
947 946 73 75
947 948 107 200
948 848 48 159
948 947 44 283
948 949 45 137
949 849 210 325
949 948 328 332
949 950 86 219
950 850 228 265
950 949 203 209
950 951 13 27
951 851 133 215
951 950 33 151
951 952 232 238
952 852 62 149
952 951 2 7
952 953 0 3
953 853 180 186
953 952 4 41
953 954 3 4
954 854 225 312
954 953 219 219
954 955 52 115
955 855 59 125
955 954 37 38
955 956 25 127
956 856 184 217
956 955 23 174
956 957 52 129
957 857 14 23
957 956 165 240
957 958 181 182
958 858 43 45
958 957 141 282
958 959 75 251
959 859 95 173
959 958 170 193
959 960 82 258
960 860 16 141
960 959 21 28
960 961 174 223
961 861 6 7
961 960 20 96
961 962 223 230
962 862 105 158
962 961 1 3
962 963 114 160
963 863 49 84
963 962 74 105
963 964 60 144
964 864 12 19
964 963 270 292
964 965 62 201
965 865 155 170
965 964 222 259
965 966 169 194
966 866 24 102
966 965 2 3
966 967 80 257
967 867 140 173
967 966 76 207
967 968 23 44
968 868 37 73
968 967 19 84
968 969 8 9
969 869 54 182
969 968 45 86
969 970 102 103
970 870 160 227
970 969 21 43
970 971 35 36
971 871 281 281
971 970 102 164
971 972 304 306
972 872 121 129
972 971 171 182
972 973 44 54
973 873 270 278
973 972 208 342
973 974 307 323
974 874 20 61
974 973 136 174
974 975 254 288
975 875 4 7
975 974 132 221
975 976 90 132
976 876 30 46
976 975 71 123
976 977 2 20
977 877 33 53
977 976 14 85
977 978 123 164
978 878 204 211
978 977 132 275
978 979 53 288
979 879 15 149
979 978 147 243
979 980 32 71
980 880 36 45
980 979 134 152
980 981 21 165
981 881 9 9
981 980 39 46
981 982 171 212
982 882 113 132
982 981 29 37
982 983 26 30
983 883 11 28
983 982 77 221
983 984 178 232
984 884 28 124
984 983 55 200
984 985 46 46
985 885 320 334
985 984 104 104
985 986 172 262
986 886 107 175
986 985 169 318
986 987 200 257
987 887 1 4
987 986 36 78
987 988 28 219
988 888 208 298
988 987 62 68
988 989 14 55
989 889 41 142
989 988 25 26
989 990 67 111
990 890 52 165
990 989 170 190
990 991 227 227
991 891 114 243
991 990 23 134
991 992 83 276
992 892 76 90
992 991 36 38
992 993 131 147
993 893 15 78
993 992 247 291
993 994 43 50
994 894 210 334
994 993 172 186
994 995 41 121
995 895 24 57
995 994 39 68
995 996 15 74
996 896 29 43
996 995 179 197
996 997 40 70
997 897 31 106
997 996 190 255
997 998 267 318
998 898 19 19
998 997 141 161
998 999 81 84
999 899 155 187
999 998 70 109
0 999
