200 692
0 1 34 38
0 4 87 111
1 0 224 338
4 0 40 89
1 2 35 209
1 5 64 69
2 1 82 126
5 1 180 295
2 3 74 127
2 6 18 19
3 2 21 173
6 2 83 333
3 7 98 176
7 3 59 131
4 5 240 241
4 8 48 58
5 4 67 266
8 4 57 81
5 6 275 299
5 9 299 313
6 5 8 139
9 5 151 206
6 7 19 115
6 10 265 280
7 6 15 225
10 6 314 354
7 11 22 159
11 7 125 134
8 9 29 40
8 12 108 142
9 8 37 43
12 8 51 216
9 10 39 94
9 13 28 290
10 9 45 86
13 9 32 36
10 11 0 5
10 14 34 188
11 10 3 3
14 10 26 130
11 15 7 27
15 11 16 37
12 13 56 67
12 16 6 68
13 12 20 32
16 12 269 271
13 14 59 345
13 17 80 91
14 13 218 296
17 13 314 350
14 15 129 155
14 18 218 230
15 14 14 78
18 14 21 22
15 19 131 143
19 15 18 255
16 17 11 45
16 20 112 162
17 16 272 299
20 16 5 27
17 18 78 184
17 21 51 69
18 17 25 28
21 17 62 70
18 19 137 148
18 22 1 7
19 18 165 180
22 18 33 42
19 23 347 349
23 19 50 135
20 21 144 153
20 24 276 311
21 20 60 70
24 20 26 146
21 22 21 69
21 25 149 182
22 21 105 131
25 21 60 168
22 23 164 253
22 26 230 238
23 22 4 6
26 22 123 137
23 27 92 166
27 23 21 21
24 25 27 183
24 28 125 198
25 24 57 62
28 24 7 12
25 26 315 318
25 29 237 308
26 25 166 353
29 25 46 46
26 27 81 103
26 30 246 277
27 26 107 118
30 26 96 98
27 31 44 46
31 27 145 145
28 29 3 9
28 32 30 58
29 28 7 12
32 28 207 330
29 30 175 182
29 33 45 50
30 29 137 143
33 29 45 185
30 31 48 48
30 34 56 158
31 30 34 154
34 30 83 89
31 35 47 141
35 31 48 68
32 33 10 10
32 36 217 265
33 32 19 25
36 32 18 18
33 34 67 146
33 37 139 146
34 33 39 45
37 33 11 147
34 35 201 205
34 38 158 164
35 34 218 283
38 34 18 105
35 39 34 41
39 35 11 17
36 37 243 254
36 40 23 33
37 36 78 79
40 36 141 173
37 38 17 67
37 41 33 147
38 37 100 194
41 37 1 2
38 39 91 117
38 42 9 44
39 38 97 167
42 38 187 310
39 43 268 268
43 39 14 51
40 41 5 26
40 44 170 209
41 40 228 276
44 40 113 215
41 42 69 92
41 45 7 11
42 41 106 108
45 41 101 106
42 43 7 7
42 46 108 325
43 42 3 24
46 42 109 205
43 47 39 43
47 43 38 39
44 45 33 128
44 48 91 108
45 44 307 328
48 44 52 54
45 46 148 151
45 49 111 161
46 45 131 169
49 45 7 7
46 47 145 153
46 50 24 59
47 46 115 243
50 46 248 252
47 51 85 229
51 47 12 37
48 49 115 122
48 52 28 107
49 48 247 247
52 48 223 226
49 50 67 70
49 53 153 158
50 49 205 263
53 49 76 183
50 51 77 88
50 54 42 223
51 50 129 153
54 50 126 128
51 55 253 321
55 51 71 75
52 53 106 137
52 56 95 112
53 52 91 270
56 52 126 250
53 54 226 254
53 57 93 196
54 53 39 47
57 53 366 370
54 55 14 81
54 58 14 15
55 54 31 53
58 54 140 250
55 59 317 327
59 55 78 103
56 57 236 272
56 60 27 259
57 56 162 172
60 56 32 80
57 58 202 211
57 61 3 18
58 57 62 81
61 57 4 6
58 59 49 170
58 62 245 251
59 58 62 66
62 58 132 149
59 63 101 102
63 59 4 17
60 61 85 170
60 64 36 38
61 60 56 56
64 60 69 100
61 62 257 263
61 65 127 140
62 61 92 134
65 61 14 15
62 63 41 127
62 66 22 66
63 62 5 11
66 62 13 13
63 67 80 260
67 63 6 16
64 65 18 223
64 68 192 243
65 64 142 162
68 64 143 181
65 66 179 179
65 69 69 70
66 65 189 190
69 65 96 221
66 67 1 31
66 70 117 174
67 66 23 133
70 66 210 238
67 71 13 17
71 67 173 173
68 69 21 49
68 72 14 20
69 68 48 108
72 68 53 147
69 70 204 204
69 73 195 201
70 69 0 1
73 69 20 168
70 71 201 204
70 74 54 105
71 70 53 115
74 70 73 109
71 75 149 150
75 71 48 54
72 73 32 34
72 76 78 84
73 72 114 136
76 72 78 95
73 74 80 94
73 77 54 296
74 73 17 81
77 73 118 132
74 75 97 177
74 78 12 37
75 74 61 303
78 74 127 198
75 79 20 89
79 75 7 53
76 77 22 61
76 80 33 60
77 76 118 122
80 76 152 183
77 78 64 105
77 81 191 272
78 77 106 126
81 77 158 189
78 79 195 196
78 82 79 110
79 78 304 333
82 78 5 9
79 83 13 21
83 79 51 207
80 81 273 276
80 84 7 18
81 80 1 7
84 80 30 44
81 82 165 168
81 85 92 101
82 81 159 169
85 81 22 105
82 83 192 195
82 86 93 111
83 82 126 146
86 82 108 124
83 87 12 22
87 83 128 146
84 85 32 47
84 88 73 150
85 84 95 192
88 84 233 236
85 86 176 263
85 89 5 9
86 85 16 34
89 85 182 334
86 87 97 114
86 90 101 101
87 86 97 107
90 86 3 7
87 91 198 212
91 87 7 11
88 89 245 294
88 92 105 213
89 88 83 156
92 88 218 255
89 90 41 82
89 93 155 295
90 89 19 31
93 89 10 13
90 91 52 53
90 94 8 56
91 90 261 270
94 90 212 230
91 95 0 4
95 91 134 156
92 93 47 142
92 96 15 16
93 92 6 10
96 92 183 288
93 94 185 265
93 97 1 19
94 93 5 73
97 93 79 155
94 95 162 201
94 98 85 92
95 94 35 59
98 94 129 299
95 99 116 148
99 95 226 239
96 97 193 265
96 100 14 15
97 96 135 229
100 96 13 28
97 98 146 169
97 101 151 189
98 97 39 143
101 97 14 118
98 99 103 157
98 102 14 16
99 98 50 117
102 98 186 206
99 103 94 106
103 99 8 9
100 101 232 237
100 104 370 370
101 100 25 67
104 100 103 255
101 102 13 24
101 105 12 46
102 101 28 86
105 101 99 119
102 103 48 96
102 106 102 119
103 102 19 25
106 102 6 7
103 107 236 268
107 103 24 51
104 105 20 20
104 108 16 22
105 104 209 346
108 104 38 74
105 106 35 93
105 109 83 99
106 105 24 28
109 105 68 135
106 107 23 23
106 110 78 89
107 106 235 235
110 106 39 144
107 111 12 26
111 107 64 65
108 109 102 138
108 112 236 242
109 108 41 45
112 108 295 316
109 110 83 124
109 113 5 5
110 109 198 199
113 109 266 356
110 111 14 15
110 114 34 48
111 110 91 92
114 110 196 196
111 115 29 155
115 111 113 171
112 113 222 232
112 116 183 187
113 112 25 27
116 112 209 218
113 114 11 14
113 117 7 51
114 113 32 44
117 113 84 88
114 115 109 124
114 118 29 33
115 114 154 198
118 114 31 67
115 119 75 98
119 115 27 36
116 117 55 69
116 120 66 112
117 116 85 115
120 116 152 160
117 118 1 13
117 121 34 35
118 117 214 214
121 117 256 285
118 119 113 205
118 122 150 178
119 118 277 306
122 118 46 48
119 123 42 196
123 119 76 145
120 121 13 14
120 124 72 315
121 120 14 27
124 120 259 269
121 122 58 279
121 125 306 329
122 121 267 332
125 121 174 271
122 123 56 72
122 126 253 266
123 122 15 94
126 122 139 139
123 127 68 138
127 123 31 34
124 125 30 46
124 128 74 349
125 124 42 60
128 124 76 80
125 126 13 25
125 129 139 154
126 125 111 113
129 125 166 171
126 127 241 242
126 130 158 164
127 126 5 22
130 126 2 2
127 131 182 194
131 127 102 224
128 129 15 28
128 132 249 309
129 128 37 44
132 128 56 74
129 130 315 341
129 133 157 236
130 129 60 154
133 129 155 163
130 131 275 276
130 134 154 176
131 130 66 120
134 130 54 66
131 135 76 163
135 131 49 52
132 133 17 17
132 136 77 78
133 132 252 297
136 132 104 104
133 134 13 24
133 137 193 194
134 133 226 298
137 133 179 198
134 135 19 24
134 138 55 57
135 134 125 126
138 134 79 174
135 139 46 61
139 135 76 104
136 137 280 300
136 140 59 222
137 136 223 248
140 136 13 169
137 138 67 351
137 141 34 50
138 137 136 161
141 137 128 309
138 139 165 178
138 142 207 291
139 138 27 83
142 138 181 275
139 143 122 134
143 139 154 227
140 141 32 89
140 144 206 260
141 140 248 302
144 140 362 362
141 142 38 46
141 145 153 175
142 141 80 90
145 141 39 364
142 143 2 3
142 146 14 103
143 142 77 148
146 142 195 220
143 147 67 345
147 143 88 111
144 145 201 202
144 148 27 34
145 144 1 1
148 144 74 256
145 146 17 26
145 149 159 192
146 145 2 4
149 145 63 220
146 147 14 15
146 150 153 178
147 146 70 108
150 146 6 14
147 151 1 7
151 147 25 32
148 149 55 101
148 152 6 25
149 148 23 29
152 148 79 130
149 150 9 17
149 153 9 27
150 149 250 370
153 149 34 53
150 151 190 251
150 154 70 173
151 150 52 280
154 150 23 26
151 155 109 123
155 151 184 188
152 153 103 240
152 156 137 137
153 152 57 103
156 152 179 204
153 154 148 237
153 157 7 7
154 153 59 247
157 153 126 130
154 155 138 186
154 158 159 205
155 154 15 17
158 154 60 125
155 159 34 63
159 155 17 28
156 157 35 36
156 160 83 86
157 156 6 47
160 156 193 224
157 158 94 145
157 161 33 135
158 157 208 252
161 157 44 243
158 159 42 86
158 162 63 211
159 158 72 300
162 158 46 97
159 163 54 61
163 159 43 181
160 161 33 33
160 164 189 255
161 160 148 183
164 160 35 85
161 162 33 128
161 165 116 143
162 161 137 153
165 161 185 275
162 163 64 64
162 166 69 73
163 162 92 160
166 162 33 53
163 167 58 69
167 163 15 31
164 165 196 302
164 168 1 7
165 164 184 220
168 164 42 67
165 166 253 253
165 169 72 267
166 165 122 163
169 165 131 164
166 167 39 140
166 170 118 155
167 166 4 52
170 166 83 89
167 171 18 34
171 167 45 55
168 169 7 57
168 172 12 46
169 168 1 1
172 168 38 41
169 170 1 19
169 173 91 130
170 169 40 198
173 169 81 181
170 171 5 6
170 174 27 135
171 170 21 21
174 170 68 123
171 175 199 301
175 171 295 298
172 173 368 368
172 176 18 23
173 172 178 213
176 172 9 17
173 174 93 132
173 177 22 102
174 173 33 60
177 173 225 259
174 175 118 124
174 178 43 182
175 174 336 342
178 174 140 143
175 179 92 164
179 175 181 185
176 177 34 61
176 180 25 177
177 176 61 109
180 176 62 64
177 178 88 145
177 181 44 49
178 177 166 170
181 177 38 214
178 179 5 16
178 182 3 3
179 178 19 89
182 178 104 173
179 183 300 302
183 179 106 146
180 181 2 3
180 184 17 75
181 180 64 101
184 180 40 106
181 182 31 52
181 185 31 200
182 181 66 235
185 181 165 209
182 183 48 65
182 186 257 271
183 182 36 36
186 182 125 178
183 187 154 245
187 183 44 47
184 185 198 360
184 188 34 46
185 184 208 340
188 184 27 29
185 186 52 52
185 189 71 108
186 185 94 127
189 185 62 87
186 187 90 118
186 190 106 299
187 186 33 167
190 186 65 65
187 191 66 226
191 187 49 84
188 189 51 84
188 192 251 260
189 188 128 200
192 188 70 142
189 190 32 100
189 193 157 179
190 189 25 131
193 189 90 107
190 191 11 12
190 194 87 90
191 190 28 55
194 190 145 314
191 195 36 65
195 191 127 232
192 193 29 31
192 196 110 112
193 192 206 257
196 192 12 31
193 194 192 255
193 197 60 188
194 193 41 102
197 193 82 174
194 195 14 18
194 198 35 70
195 194 214 221
198 194 64 83
195 199 69 74
199 195 32 41
196 197 46 66
197 196 13 16
197 198 165 313
198 197 20 93
198 199 198 246
199 198 94 132
0 199
